21336 12518 1
12524 19263 1
1354 8170 1
836 3340 1
3998 2785 1
11638 18675 1
1731 21812 1
22700 24010 1
3998 8334 1
18300 19079 1
4421 14518 1
1905 4370 1
1573 4245 1
23219 21473 1
23095 1573 1
23176 142 1
7269 9727 1
1905 19344 1
19332 1388 1
18311 3492 1
3990 1356 1
19333 19344 1
836 18812 1
18300 11638 1
21812 4263 1
22700 18812 1
19332 12524 1
1354 142 1
20181 8188 1
836 15654 1
18517 19269 1
11906 12480 1
1905 1566 1
10051 13551 1
970 2020 1
7996 23753 1
11109 9239 1
19333 7604 1
7283 12789 1
22700 3552 1
11514 9452 1
13551 11095 1
24010 19202 1
1881 14518 1
18300 21055 1
1918 2515 1
19349 2515 1
3998 11023 1
11823 18457 1
7880 2748 1
3340 18668 1
19333 4054 1
7954 45 1
11954 20696 1
18170 3998 1
11620 21809 1
3990 1083 1
11494 975 1
21336 14637 1
11620 13497 1
21336 11565 1
22341 361 1
21315 18613 1
836 18056 1
11591 9492 1
21326 22163 1
21315 11563 1
4371 12340 1
17863 10692 1
18300 3998 1
21303 23890 1
21303 11620 1
21315 13551 1
11591 142 1
23093 8819 1
13240 13242 1
7323 3429 1
9231 5896 1
138 18457 1
38 4482 1
11494 6313 1
11954 6448 1
22700 1351 1
11542 12882 1
8140 21542 1
16834 18750 1
22700 1731 1
6313 23160 1
10600 13181 1
12973 587 1
18312 22997 1
3112 12856 1
6795 3552 1
10714 18675 1
11554 21983 1
1731 18174 1
6795 19079 1
18170 11823 1
142 23890 1
22476 23165 1
10849 6313 1
22700 1083 1
8140 9715 1
1361 18831 1
10714 10718 1
22871 968 1
22700 18174 1
3685 16567 1
4896 12447 1
7954 21995 1
21809 23095 1
21303 320 1
11484 22163 1
18107 23096 1
2775 14271 1
6448 3106 1
18300 706 1
10692 9127 1
21326 263 1
19344 2515 1
21358 3492 1
17863 11593 1
3239 11023 1
17863 18782 1
7880 7996 1
17133 22858 1
4370 21983 1
17863 1881 1
11514 2665 1
18309 22872 1
18783 2275 1
4372 38 1
8877 21310 1
19333 12340 1
4831 5813 1
23595 19202 1
12395 11484 1
13496 19079 1
6795 21994 1
21336 8709 1
19269 9406 1
19339 19349 1
4371 11554 1
8751 14518 1
6313 3592 1
24541 7671 1
10692 11095 1
23096 18986 1
6441 24374 1
21358 18312 1
21336 24545 1
17863 6448 1
1354 20920 1
1361 1573 1
1881 4572 1
18518 10273 1
21336 22994 1
18755 11900 1
5403 5582 1
21469 9406 1
11532 9406 1
19269 1025 1
11573 1570 1
18300 23986 1
23826 22163 1
4798 15654 1
19269 21470 1
11109 12340 1
22700 13242 1
11109 7671 1
11954 11479 1
21315 1025 1
11620 7975 1
2528 6308 1
13497 17133 1
16834 8238 1
23826 6308 1
11563 11514 1
1012 22803 1
3998 836 1
18170 3998 1
3340 13242 1
1566 9452 1
13612 1570 1
11947 12820 1
6795 21542 1
22832 13247 1
18300 18750 1
11599 14446 1
8334 4798 1
4572 6777 1
22487 22321 1
16128 6714 1
10714 9676 1
21809 15654 1
22700 18831 1
1012 12879 1
21326 7831 1
21469 3106 1
19333 12066 1
11494 4896 1
7773 3321 1
18170 21584 1
1566 3106 1
6441 4371 1
23029 22872 1
21358 8709 1
1025 22820 1
9270 17783 1
11484 4425 1
19332 22820 1
1354 10846 1
11494 13589 1
2786 1575 1
21793 3340 1
18300 142 1
13496 9270 1
2748 18750 1
11593 17918 1
11109 18613 1
22700 23890 1
23029 21701 1
21315 12973 1
19333 12879 1
1354 836 1
23096 18070 1
6795 23095 1
11591 18174 1
18300 18750 1
38 19349 1
21995 22997 1
21336 22134 1
836 4903 1
1354 23176 1
7996 23103 1
21336 12879 1
21303 9709 1
18518 19251 1
21303 4072 1
836 12459 1
7269 18170 1
3998 11458 1
21326 19312 1
1361 13488 1
11533 3106 1
10970 15655 1
22858 2545 1
23826 23828 1
15654 20920 1
3340 11023 1
19333 1025 1
21315 12051 1
11514 12524 1
11620 9723 1
4372 12963 1
20459 12883 1
18720 21793 1
18300 13496 1
3998 22872 1
11954 4425 1
21315 12963 1
9155 19339 1
18311 968 1
21358 22946 1
10655 21303 1
19023 22820 1
19333 23081 1
21315 12524 1
11575 4460 1
22700 21701 1
12524 11572 1
22321 6794 1
6795 8170 1
11554 6441 1
7880 11591 1
3239 9709 1
1354 11823 1
19332 263 1
1012 21469 1
10848 12882 1
11514 2229 1
21326 14978 1
1354 4798 1
3239 11458 1
18832 19275 1
1566 8751 1
18170 1351 1
1354 20666 1
21358 23162 1
1361 13240 1
21055 19274 1
16951 7283 1
23986 10714 1
17646 8748 1
21336 17918 1
11494 23212 1
11638 2615 1
6447 12962 1
1354 10940 1
21336 19263 1
11531 7088 1
11620 7269 1
11591 8877 1
7651 6714 1
18193 2668 1
18170 8748 1
11620 4072 1
1354 3267 1
1566 38 1
9406 11514 1
22803 10563 1
6289 22860 1
11620 21701 1
21310 11566 1
9155 11570 1
13242 18755 1
19332 4446 1
2229 21469 1
11570 21983 1
22700 4072 1
11494 23890 1
917 11542 1
1025 9452 1
4263 9723 1
2256 9619 1
23986 18309 1
12518 22786 1
20666 7606 1
836 11638 1
11593 8446 1
21315 19251 1
15578 24299 1
21055 18831 1
18311 10600 1
21336 8992 1
9406 6714 1
21995 14852 1
11591 8494 1
21303 18750 1
11494 19601 1
21303 3239 1
2229 22786 1
1361 320 1
11494 20920 1
21336 3492 1
1354 970 1
22163 19269 1
21315 7954 1
21336 22994 1
21303 23176 1
11494 11620 1
1354 7975 1
21358 14852 1
6441 6447 1
21315 9857 1
23160 20221 1
21336 12301 1
1356 8334 1
320 11458 1
22863 22859 1
19263 19251 1
23826 23829 1
1388 1566 1
18309 22872 1
18300 19079 1
970 21541 1
21315 7604 1
22700 4903 1
6795 23096 1
7773 5582 1
21303 1731 1
38 22163 1
21303 11823 1
23986 1731 1
22871 5582 1
23826 23828 1
836 23890 1
13496 19079 1
22872 18675 1
19333 7604 1
38 21469 1
6795 23096 1
836 11458 1
38 22803 1
38 21470 1
38 19349 1
6795 18986 1
22163 7604 1
11494 13497 1
1388 11954 1
11620 21812 1
38 19349 1
23826 23828 1
17552 13181 1
3998 18309 1
1012 22803 1
11109 19312 1
1025 7604 1
3998 3239 1
1566 38 1
3998 1083 1
18309 10849 1
11823 18668 1
836 23890 1
11494 7269 1
38 11954 1
22700 19079 1
10848 968 1
18309 12979 1
38 4572 1
6441 1388 1
21303 11823 1
4446 6448 1
11620 23890 1
970 11513 1
5840 12883 1
21326 22786 1
21326 11954 1
11563 17193 1
8877 7269 1
13496 19079 1
22872 18675 1
11513 1570 1
21315 1012 1
21303 11638 1
1388 1082 1
38 4482 1
1012 19349 1
22871 9157 1
21315 38 1
13242 8188 1
1388 4482 1
18107 23093 1
1388 263 1
142 23890 1
11513 1570 1
21315 12879 1
11906 23165 1
18300 3239 1
15645 22863 1
13242 12927 1
12879 22946 1
7269 8899 1
19023 24299 1
21326 12243 1
21315 1388 1
38 4054 1
23826 23829 1
21303 23890 1
6447 19083 1
18309 23890 1
6447 24080 1
24374 8446 1
11820 9157 1
6795 3552 1
1388 19339 1
970 11513 1
18309 21310 1
11532 12340 1
23826 2275 1
10848 22946 1
38 19339 1
2256 2262 1
11494 10846 1
11573 4831 1
1388 9857 1
21326 19344 1
11573 1570 1
17133 23160 1
23162 2528 1
11620 13497 1
19344 11954 1
1012 4371 1
3998 836 1
11620 7975 1
22163 4446 1
16834 8307 1
11565 24541 1
13496 13497 1
11566 3607 1
11620 11638 1
19333 4370 1
38 22163 1
18300 6795 1
38 6448 1
12518 9239 1
6313 23160 1
6795 3552 1
7773 587 1
6795 1356 1
6795 8819 1
11494 9270 1
16834 9049 1
1905 38 1
1361 11629 1
2049 2048 1
3340 9676 1
4263 11023 1
23162 9157 1
21358 21315 1
11620 23986 1
11573 8748 1
22700 7269 1
1012 7604 1
22700 23890 1
21315 6447 1
22700 3239 1
21326 17863 1
11620 21812 1
16834 18792 1
17552 587 1
11494 9614 1
11573 8748 1
1388 6777 1
22700 3552 1
1354 23096 1
1012 22803 1
21326 9452 1
6441 15578 1
22700 7269 1
13247 13242 1
11494 11620 1
10848 22946 1
18664 18668 1
22700 23890 1
21326 9406 1
5629 22476 1
11573 1570 1
22700 18831 1
21303 10714 1
18309 12979 1
38 7604 1
4263 12789 1
3998 23986 1
21315 1388 1
6795 4903 1
1388 6714 1
4263 23753 1
3340 4903 1
5403 13 1
6795 3998 1
970 23096 1
21303 23986 1
10848 11033 1
11954 9452 1
18300 142 1
21326 19269 1
7651 17918 1
11629 13497 1
11620 1731 1
1012 7323 1
21326 1012 1
1025 19349 1
11620 23890 1
11638 14446 1
4263 9380 1
24545 8992 1
13497 11638 1
18309 22989 1
11820 14637 1
22700 11823 1
6795 1083 1
19333 12518 1
19332 12518 1
7665 11513 1
23828 2275 1
5629 16626 1
3239 320 1
8319 18668 1
21326 4370 1
1354 1356 1
21315 2873 1
6441 1082 1
7773 587 1
13496 13612 1
1388 19365 1
18300 970 1
8108 7662 1
1388 38 1
970 23096 1
1012 4054 1
22700 13240 1
1354 8819 1
18170 23890 1
5605 12974 1
11514 1388 1
1731 11638 1
11820 14637 1
1354 22502 1
21470 19349 1
5629 22476 1
1361 18675 1
11954 3104 1
1354 23096 1
22700 11458 1
6447 11103 1
21315 11572 1
1731 11638 1
22871 9157 1
1388 14978 1
22871 22997 1
23162 3321 1
1354 11023 1
11109 10692 1
4482 6448 1
142 3239 1
1566 19269 1
11522 4425 1
1354 2158 1
19333 10633 1
3998 11458 1
836 23096 1
23826 2275 1
19333 4372 1
13612 11513 1
917 2873 1
19269 1388 1
1354 1361 1
21315 12883 1
6607 9270 1
18300 11023 1
22700 970 1
11494 2158 1
5403 6008 1
8149 14518 1
19333 9406 1
6795 4905 1
12524 1566 1
22871 587 1
1566 22803 1
22700 13496 1
14518 38 1
23081 1566 1
6313 22862 1
7269 18675 1
11620 3340 1
7606 15136 1
11954 3104 1
10692 1428 1
22871 5582 1
11565 10600 1
1354 22700 1
11565 18782 1
1354 7504 1
3340 18668 1
970 9715 1
38 20696 1
11620 23367 1
11566 3607 1
1388 19344 1
6313 12480 1
18300 3990 1
2515 10633 1
11954 7604 1
22700 18668 1
21303 11513 1
1388 20696 1
11568 5630 1
17863 22994 1
1354 11023 1
24541 16796 1
11532 12518 1
3998 3239 1
4263 11023 1
1012 38 1
11514 4425 1
21326 6794 1
22871 587 1
11954 20696 1
19332 7604 1
11566 5594 1
970 13612 1
1388 12389 1
22871 22994 1
1388 19339 1
6795 836 1
12518 19339 1
6795 836 1
19332 20696 1
11522 23460 1
21597 142 1
18562 7662 1
22700 23096 1
18812 18831 1
21469 23461 1
18664 11823 1
19333 20696 1
12856 10846 1
13612 11573 1
22871 8446 1
1354 18831 1
9406 1566 1
19339 22803 1
18300 23986 1
970 21542 1
22700 7283 1
11494 3998 1
7773 5582 1
38 19339 1
22700 8877 1
7604 19339 1
21315 6714 1
6313 5594 1
18107 21809 1
12533 3106 1
22700 23096 1
10600 18782 1
21315 9157 1
1082 21983 1
21326 9242 1
1388 7604 1
970 21541 1
11954 10633 1
11954 2003 1
4371 12963 1
22860 9157 1
1388 11954 1
11575 11554 1
13247 13242 1
12879 8992 1
19344 11954 1
21469 21470 1
970 19274 1
11568 11907 1
1361 23096 1
970 19274 1
10714 10718 1
1388 10273 1
4371 1566 1
22700 3239 1
6313 20221 1
21303 8748 1
1012 11522 1
11954 14978 1
1354 3340 1
19333 11532 1
21326 12524 1
21303 23986 1
11954 14978 1
22700 11458 1
11954 11514 1
18300 9270 1
11494 8877 1
11568 5630 1
17552 587 1
142 23890 1
22700 6313 1
18107 19079 1
7773 2255 1
22700 2668 1
15644 22502 1
8108 7662 1
22700 3998 1
20863 17133 1
12962 23461 1
21315 7954 1
9846 2262 1
22700 18831 1
11494 2922 1
1354 1361 1
3239 7269 1
11494 2262 1
18300 23096 1
11494 21812 1
22700 3552 1
23986 11638 1
21303 23890 1
5403 2255 1
18056 10714 1
21315 22803 1
19333 12524 1
15578 1388 1
23460 8149 1
22321 19344 1
12533 10273 1
12879 8992 1
1354 17658 1
24010 13247 1
21303 8140 1
21994 18309 1
13496 21812 1
970 2020 1
11568 23161 1
18300 3998 1
11906 20221 1
10848 11033 1
11494 23986 1
1388 1082 1
21326 11570 1
12962 21469 1
6714 38 1
3239 4263 1
38 9857 1
970 18831 1
6794 12518 1
9915 7606 1
19333 4371 1
24297 1388 1
22700 11823 1
3990 3340 1
1361 23095 1
12820 9727 1
1354 11620 1
2020 1570 1
18309 12480 1
11954 19269 1
1012 1566 1
16951 18300 1
13612 11513 1
2545 11906 1
11532 22786 1
21303 8748 1
13496 9270 1
1361 9723 1
5403 7773 1
9915 20966 1
18300 8334 1
11954 7604 1
1354 23093 1
22700 3340 1
19344 3429 1
970 11573 1
6795 8170 1
12974 17927 1
970 18831 1
1354 16626 1
18300 3340 1
3444 12982 1
11954 24297 1
970 21542 1
22700 15654 1
11494 23337 1
12962 14518 1
1354 22700 1
18300 18309 1
22871 22994 1
2049 2158 1
3104 2003 1
836 14446 1
7283 4263 1
22700 18193 1
12962 7796 1
10718 7269 1
18309 21310 1
21303 1351 1
15654 1354 1
7468 8748 1
21315 11834 1
2020 1570 1
21336 7954 1
5403 7773 1
21315 24374 1
11023 3495 1
21326 11109 1
1361 11823 1
22700 3998 1
21315 5840 1
21315 8293 1
18170 8748 1
24374 9157 1
23826 8446 1
11494 22700 1
4372 38 1
1361 8334 1
22700 3239 1
21809 15654 1
11820 16567 1
11820 22946 1
18170 9380 1
11494 18675 1
22700 16626 1
1361 297 1
1354 20666 1
11575 4572 1
11620 9727 1
21315 9127 1
1361 23176 1
22700 21311 1
7578 17918 1
11620 23367 1
21303 23986 1
21315 23829 1
18311 22946 1
11494 8170 1
11494 641 1
21315 19344 1
22700 19079 1
3998 1083 1
21336 22883 1
21326 6794 1
13497 14446 1
18170 3998 1
22700 10718 1
1354 1356 1
23461 4425 1
1354 16784 1
18170 3239 1
12962 6714 1
21336 12879 1
11494 2615 1
21315 2598 1
11109 11565 1
21473 263 1
17646 5813 1
12962 7996 1
11568 18310 1
7269 18193 1
21315 12480 1
23986 3429 1
21336 6794 1
11568 3492 1
21336 3106 1
1566 4482 1
11573 21473 1
11103 8751 1
21336 4446 1
7269 18309 1
11620 8149 1
21326 3429 1
18300 836 1
11568 1575 1
6308 9157 1
21326 7323 1
12518 5813 1
2668 9727 1
1566 11573 1
11109 22163 1
21303 3104 1
23890 23460 1
21315 22163 1
21315 8899 1
6441 1566 1
23096 2668 1
21358 9242 1
21326 23176 1
21358 19339 1
11593 23826 1
11494 7996 1
12340 2020 1
8446 9157 1
21312 587 1
3429 6714 1
11591 22871 1
1354 12789 1
22476 23828 1
11593 5630 1
22700 12789 1
21336 21312 1
19333 1012 1
6714 21470 1
1731 5813 1
21303 11554 1
18750 18783 1
24545 9157 1
11593 5840 1
12879 11033 1
8877 2158 1
21358 4054 1
21597 11103 1
21303 2785 1
6714 9155 1
21358 18311 1
142 16951 1
21336 1570 1
22820 9155 1
7996 18675 1
11573 6441 1
8877 11522 1
4371 8149 1
22321 1012 1
21326 6714 1
21469 3429 1
9380 320 1
11513 5813 1
21336 22487 1
3239 13488 1
11820 2922 1
22700 4370 1
16951 11103 1
11494 142 1
11620 7504 1
19023 9157 1
21315 12301 1
15578 2275 1
24010 8992 1
11494 10848 1
1881 11554 1
22134 14978 1
19023 18782 1
21315 22946 1
11568 14637 1
12518 14978 1
21326 18518 1
21315 23460 1
18310 8992 1
13488 7996 1
11954 2515 1
45 22989 1
4572 4831 1
10655 2668 1
8149 11522 1
11494 263 1
21358 23890 1
22946 4073 1
11629 7996 1
18312 9157 1
4371 11573 1
22163 23460 1
13242 10655 1
21326 22997 1
22859 7773 1
11494 23095 1
1354 21311 1
11629 9727 1
21358 23096 1
21336 38 1
6308 22820 1
11494 21358 1
1361 11834 1
11494 17646 1
1361 8709 1
7323 9857 1
4798 9727 1
17863 21310 1
18300 1731 1
21326 6448 1
3239 836 1
